//Lista_på_prim_tal

//grundläggande_primtal
2
3
5
7
11
13
17
19
23
29

//primtal_över_1000
1009
1013
1019
1021
1031
1033
1039
1049
1051
1061

//primtal_på_10_siffror
1000000007
1000000009
1000000021
1000000033
1000000087
1000000093
1000000097
1000000103
1000000123
1000000181

//primtal_på_15_siffror
1000000000000007
1000000000000009
1000000000000017
1000000000000023
1000000000000037
1000000000000039
1000000000000041
1000000000000047
1000000000000053
1000000000000059

//primtal_på_20_siffror
10000000000000000019
10000000000000000033
10000000000000000037
10000000000000000039
10000000000000000043
10000000000000000049
10000000000000000051
10000000000000000057
10000000000000000061
10000000000000000063

//primtal_på_25_siffror
1000000000000000000000007
1000000000000000000000009
1000000000000000000000013
1000000000000000000000017
1000000000000000000000019
1000000000000000000000023
1000000000000000000000027
1000000000000000000000029
1000000000000000000000033
1000000000000000000000037

//primtal_på_30_siffror
863559510955410684758943611993
621431875111972145871059257531
549957235120178936418869151811
318274648263783914265756807241
498620294147094485440265864759
230330096552401760123469097777
341155438657285113789358801057
151539219824797250929313838629
334325998997892111428515381937
855878403475208557055867063287

